time_span 0.2
simulation_time 200
2e-1 -1.8019741343048978e-1
4e-1 6.764303021314939e-1
6.000000000000001e-1 6.269963694605095e-1
8e-1 1.1907020196487896e0
1e0 5.870595947574623e-1
1.2000000000000002e0 2.121719676232323e0
1.4000000000000001e0 1.3549299723580641e0
1.6e0 1.006699969468506e0
1.8e0 1.4468135804171287e0
2e0 1.813994772864572e0
2.2e0 2.946268367197705e-1
2.4000000000000004e0 5.402990065822062e-1
2.6e0 1.7783419884109297e0
2.8000000000000003e0 2.4285690303374502e-1
3e0 9.190568532815632e-2
3.2e0 -1.3506782016243349e-2
3.4000000000000004e0 -1.9760060138432006e-1
3.6e0 -9.143651570450237e-1
3.8000000000000003e0 -1.3135216126553795e0
4e0 -1.5583257348112851e0
4.2e0 -5.689809559757977e-1
4.4e0 -8.696007790195238e-1
4.6000000000000005e0 -8.913122217574777e-1
4.800000000000001e0 -1.6182808066228669e0
5e0 -1.455757110348103e0
5.2e0 -1.128879613542873e0
5.4e0 -1.840736242107195e0
5.6000000000000005e0 -1.319979261144022e-4
5.800000000000001e0 -4.999765721958625e-1
6e0 -6.9606252985279e-1
6.2e0 1.8683101984360434e-1
6.4e0 -1.962602747747319e-1
6.6000000000000005e0 -1.4743943339606186e-1
6.800000000000001e0 3.875195000018938e-1
7e0 4.7067797430197317e-1
7.2e0 4.750861735326283e-1
7.4e0 3.8722379639151083e-1
7.6000000000000005e0 8.99005747900942e-1
7.800000000000001e0 1.3159118491271622e0
8e0 1.0938137147966014e0
8.200000000000001e0 1.3977637368463238e0
8.4e0 5.005866982731664e-1
8.6e0 7.157563583028234e-1
8.8e0 1.3970434792904013e-1
9e0 8.338253505855857e-1
9.200000000000001e0 1.016779763937319e-1
9.4e0 -8.574749635276597e-1
9.600000000000001e0 -1.6279206916712577e-1
9.8e0 1.928238947444587e-1
1e1 -2.0242336329682098e-1
1.0200000000000001e1 1.810469241764645e-3
1.04e1 -1.2315904353851463e0
1.0600000000000001e1 -8.268017130887372e-1
1.08e1 -1.1227960963158328e0
1.1e1 -1.5374609904874184e0
1.1200000000000001e1 -1.7604788834920342e0
1.14e1 -1.1217090637051987e0
1.1600000000000001e1 3.652846691884325e-1
1.18e1 6.397047683864698e-2
1.2e1 -4.90110991656279e-2
1.2200000000000001e1 4.5297277302891226e-1
1.24e1 -6.813275076041708e-1
1.2600000000000001e1 -2.3513956352856004e-2
1.28e1 2.178086769269976e-1
1.3e1 1.6839026480565067e-1
1.3200000000000001e1 7.547237833352629e-1
1.34e1 6.668550735615185e-1
1.3600000000000001e1 1.0854770522237189e-1
1.38e1 1.0428805462610637e0
1.4e1 1.8207028992843055e-1
1.4200000000000001e1 6.578839641354364e-1
1.44e1 1.074015953900985e0
1.4600000000000001e1 1.2815727168488138e0
1.48e1 -3.5083735063973254e-1
1.5e1 8.912427325881421e-1
1.5200000000000001e1 7.20029722268156e-1
1.54e1 1.1879990678676594e-1
1.5600000000000001e1 3.320020750402443e-1
1.58e1 -1.7465848534542922e-1
1.6e1 3.0740424228635754e-1
1.62e1 -7.971919435988404e-1
1.6400000000000002e1 -1.6554836122983287e0
1.66e1 -5.554969926546725e-1
1.68e1 -1.8694424732720238e0
1.7e1 -9.346104802251279e-1
1.72e1 -7.431266048795644e-1
1.7400000000000002e1 -1.3339835046610935e0
1.76e1 2.782349808571394e-3
1.78e1 -5.070746242079095e-1
1.8e1 -1.066463492965004e0
1.82e1 -5.984607766951445e-1
1.8400000000000002e1 -3.7031035311092036e-1
1.86e1 -1.2259831114934021e0
1.88e1 -7.734436362054589e-1
1.9e1 1.0345969685446497e-1
1.9200000000000003e1 4.5187991356989743e-1
1.9400000000000002e1 5.377544016330822e-1
1.96e1 6.9360659818003e-1
1.98e1 1.6332437700911004e0
2e1 7.97040026853967e-1
2.0200000000000003e1 6.681780576177623e-1
2.0400000000000002e1 1.2003988726681833e0
2.06e1 1.748749126751462e0
2.08e1 1.0191854951278374e0
2.1e1 3.4378917290353683e-1
2.1200000000000003e1 6.242901657271906e-1
2.1400000000000002e1 6.632113055192239e-1
2.16e1 9.665034193950894e-1
2.18e1 -1.465670858970676e-1
2.2e1 4.995790732848432e-1
2.2200000000000003e1 -1.1922360256698479e0
2.2400000000000002e1 -6.015951437514766e-1
2.26e1 -9.736452641717397e-1
2.28e1 -1.1210843011741742e0
2.3e1 -1.39619886344352e0
2.3200000000000003e1 -5.17411295823049e-1
2.3400000000000002e1 -1.9824581381569795e0
2.36e1 -1.9891142930502625e0
2.38e1 -8.916396161975623e-1
2.4e1 -1.294439738096782e0
2.4200000000000003e1 -1.4262803767058267e0
2.4400000000000002e1 -7.189432738814988e-1
2.46e1 -9.719816582680632e-1
2.48e1 -6.618084875976743e-1
2.5e1 -1.192902803670138e0
2.5200000000000003e1 4.2250763428210014e-1
2.5400000000000002e1 -6.862063301601762e-2
2.56e1 4.2900597150170333e-1
2.58e1 5.07670383354319e-1
2.6e1 1.7185412832788083e-1
2.6200000000000003e1 1.0555237665583868e0
2.6400000000000002e1 1.2448511838727137e0
2.66e1 2.990587827057972e-1
2.68e1 1.269422922141899e0
2.7e1 1.1032068618486917e0
2.7200000000000003e1 4.476907678483793e-1
2.7400000000000002e1 1.602615967809852e0
2.76e1 7.613319423156902e-1
2.78e1 -2.0364470664278816e-1
2.8e1 4.727963847881168e-1
2.8200000000000003e1 -8.20327119416483e-1
2.8400000000000002e1 -3.317239645541107e-1
2.86e1 3.6789464737989e-1
2.88e1 -8.15868710211338e-1
2.9e1 4.90728862214761e-2
2.9200000000000003e1 2.0118405468799305e-1
2.9400000000000002e1 -4.046975610306836e-1
2.96e1 -1.442555998115467e0
2.98e1 -1.7411546344119249e0
3e1 -1.463227350699441e0
3.0200000000000003e1 -8.86919149392119e-1
3.0400000000000002e1 -1.6039485799114745e0
3.06e1 -1.1014366814147962e0
3.08e1 -2.8578647740724433e-1
3.1e1 -6.364035771415689e-1
3.1200000000000003e1 -1.2362648330474015e0
3.1400000000000002e1 3.272475735108191e-1
3.16e1 5.792749319125459e-2
3.18e1 -1.3098367416394624e-1
3.2e1 2.5101413594592875e-1
3.22e1 1.0366624329817413e0
3.24e1 1.316334148179769e0
3.26e1 -2.86547235090879e-1
3.2800000000000004e1 6.964241455557437e-1
3.3e1 7.928100872675566e-1
3.32e1 1.3475534534146523e0
3.34e1 8.459418158356443e-1
3.36e1 9.839267226841718e-1
3.3800000000000004e1 1.5574805225346877e-1
3.4e1 1.0343782696524129e0
3.42e1 1.2003378499911128e0
3.44e1 -6.823418003479506e-2
3.46e1 -2.080509111322164e-1
3.4800000000000004e1 -7.312878066456525e-1
3.5e1 -2.831229428734058e-1
3.52e1 -9.448897229272772e-1
3.54e1 -1.6100729894944927e0
3.56e1 -1.0169307144687552e0
3.5800000000000004e1 -1.672079623500405e0
3.6e1 2.758498509703575e-1
3.62e1 -1.1016393149337116e0
3.64e1 -7.021700866762859e-1
3.66e1 -1.1440172680035554e-1
3.6800000000000004e1 -6.754938263813479e-1
3.7e1 -1.0190978800845207e0
3.72e1 -9.45086365887313e-1
3.74e1 -1.38300660323284e0
3.76e1 -5.640917374367793e-1
3.7800000000000004e1 -2.7255991873534047e-1
3.8e1 -8.773572175836614e-2
3.82e1 -3.0437976284602963e-1
3.8400000000000006e1 5.053703179960375e-1
3.86e1 7.949544055637973e-1
3.8800000000000004e1 7.25900400412725e-1
3.9e1 8.225544398860829e-1
3.92e1 9.507963373288986e-1
3.9400000000000006e1 1.1868708761175335e0
3.96e1 2.79459638499424e-1
3.9800000000000004e1 1.7436643030740977e0
4e1 5.527415080842715e-1
4.02e1 1.1840504972910506e0
4.0400000000000006e1 5.650515070569396e-1
4.06e1 1.827291783640183e-1
4.0800000000000004e1 2.4999445842849613e-1
4.1e1 -5.931240987904546e-1
4.12e1 -5.478179269431993e-2
4.1400000000000006e1 -4.27445488587586e-1
4.16e1 -4.00606321331437e-2
4.1800000000000004e1 -4.888419457284475e-1
4.2e1 -1.694349657932146e0
4.22e1 -1.9476281164449087e0
4.2400000000000006e1 -3.689628566939074e-2
4.26e1 -9.831555330068634e-1
4.2800000000000004e1 -1.3813288703386422e0
4.3e1 -8.651551001991351e-1
4.32e1 -3.2134985981846015e-1
4.3400000000000006e1 -1.1420215926200754e0
4.36e1 2.5559718146634336e-1
4.3800000000000004e1 1.3974972762853866e-1
4.4e1 3.394953666351671e-1
4.42e1 -2.807380427969376e-1
4.4400000000000006e1 3.3713015833879495e-1
4.46e1 1.0982579116057378e0
4.4800000000000004e1 6.820797630546577e-1
4.5e1 1.4916409909414052e0
4.52e1 1.0676992491671702e0
4.5400000000000006e1 1.4969043387453318e-1
4.56e1 1.5165370102404063e0
4.5800000000000004e1 9.077430978732728e-1
4.6e1 1.61218560857665e0
4.62e1 1.4106468936300025e0
4.6400000000000006e1 2.0219764483605336e0
4.66e1 6.597481138099557e-1
4.6800000000000004e1 5.29937249394693e-1
4.7e1 -7.674220637820043e-1
4.72e1 2.53279853561192e-1
4.7400000000000006e1 -1.6445181735283665e-1
4.76e1 -1.0928370556200666e0
4.7800000000000004e1 -3.5389719673205183e-1
4.8e1 -1.3719316977809848e0
4.82e1 -1.1206615307831727e0
4.8400000000000006e1 -5.40435910689498e-1
4.86e1 -7.550589207923273e-1
4.8800000000000004e1 -1.8591504616847487e0
4.9e1 -5.276043960201007e-1
4.92e1 -1.7082893934739694e0
4.9400000000000006e1 -1.8624166757767757e0
4.96e1 7.231129189211515e-1
4.9800000000000004e1 -5.392243977875669e-1
5e1 3.5242963998446164e-1
5.02e1 -5.03307775283407e-1
5.0400000000000006e1 1.9674379458121777e-1
5.06e1 -1.1960696499114987e-1
5.0800000000000004e1 6.418826929879896e-1
5.1e1 -1.9130917085959576e-1
5.12e1 6.525351452388467e-1
5.1400000000000006e1 1.2543871999060527e0
5.16e1 5.588612756696826e-1
5.1800000000000004e1 1.4817195061201418e0
5.2e1 1.2461747116056074e0
5.22e1 1.3186070167897324e0
5.2400000000000006e1 7.7766120631391e-1
5.26e1 1.1027977120653394e0
5.2800000000000004e1 5.885027661530056e-1
5.3e1 1.383261522644749e0
5.32e1 -9.956421298611032e-2
5.3400000000000006e1 -1.9427639646118774e-1
5.36e1 9.535436612169068e-1
5.3800000000000004e1 -2.6694077042674624e-1
5.4e1 -8.242120483556953e-2
5.42e1 -7.857809386349083e-1
5.4400000000000006e1 -4.98621586690548e-1
5.46e1 -1.2770868848379224e0
5.4800000000000004e1 -1.4792807220696114e0
5.5e1 -1.1351497671551336e0
5.52e1 -8.564813115290748e-1
5.5400000000000006e1 -1.428421380823699e0
5.56e1 -4.922828790048276e-1
5.5800000000000004e1 -1.2018465946009933e0
5.6e1 -1.2038340306191213e0
5.62e1 -4.657822118676736e-1
5.6400000000000006e1 5.083589381479989e-2
5.66e1 6.103877892392275e-1
5.6800000000000004e1 -5.877264642947552e-1
5.7e1 1.171063400393999e0
5.72e1 2.608320979343346e-1
5.7400000000000006e1 4.601019760721565e-1
5.76e1 2.703175578432119e0
5.7800000000000004e1 1.087682140107192e0
5.8e1 7.23539152011538e-1
5.82e1 1.1013558280823628e0
5.8400000000000006e1 1.6748896910345032e0
5.86e1 7.669229060214261e-1
5.8800000000000004e1 1.2432396608348388e0
5.9e1 8.042563574263103e-1
5.92e1 8.538218809767326e-1
5.9400000000000006e1 1.417039930510747e-1
5.96e1 -3.754817575191952e-1
5.9800000000000004e1 -2.0049917409964346e-1
6e1 6.502040036234591e-1
6.02e1 3.8160293468647943e-1
6.0400000000000006e1 -1.058235518792785e0
6.06e1 -1.4731177203514076e0
6.0800000000000004e1 -7.707627771791435e-1
6.1e1 -6.6582557120064e-1
6.12e1 -1.5738420729100004e0
6.1400000000000006e1 -1.359788304208035e0
6.16e1 -1.0182879519181571e0
6.1800000000000004e1 -1.3059574479463807e0
6.2e1 -9.754416726545602e-1
6.22e1 -7.867385594226064e-1
6.2400000000000006e1 -8.902979565503356e-1
6.26e1 -4.7984428108127064e-1
6.2800000000000004e1 -6.791757212756002e-1
6.3e1 -1.1696602447613327e-1
6.32e1 2.4439402508009606e-1
6.3400000000000006e1 -3.9083604075529943e-1
6.36e1 -7.203946875713008e-1
6.3800000000000004e1 1.2028828877778242e0
6.4e1 1.4704529767446917e0
6.42e1 1.372283524725526e0
6.44e1 4.6774471091383696e-1
6.460000000000001e1 6.545520825565703e-1
6.48e1 1.0442302808825865e0
6.5e1 1.0722999263030069e0
6.52e1 1.2690617753950653e0
6.54e1 1.2262182412808982e0
6.560000000000001e1 3.137525343818512e-1
6.58e1 3.333168512160499e-1
6.6e1 2.7074377107034103e-1
6.62e1 -2.638378187764594e-1
6.64e1 4.3806502376258294e-1
6.660000000000001e1 -7.236468836433594e-1
6.68e1 -8.953768488235508e-1
6.7e1 -8.871286179549477e-1
6.72e1 -5.07679510656816e-1
6.74e1 -4.4261969716203875e-1
6.760000000000001e1 -1.4169270826060265e0
6.78e1 -7.939224071280465e-1
6.8e1 -7.807696515720274e-1
6.82e1 -1.1228164754566285e0
6.84e1 -1.0110888482925628e-1
6.860000000000001e1 -2.0982458355393085e-1
6.88e1 -7.087222501385171e-1
6.9e1 -5.366530008955477e-1
6.92e1 7.638818821762695e-1
6.94e1 -8.463830127833528e-1
6.960000000000001e1 1.0847770578587401e0
6.98e1 8.508209125962155e-1
7e1 7.230546312980792e-1
7.02e1 1.0260279683551263e0
7.04e1 3.676329028764058e-1
7.060000000000001e1 1.8522601531080047e0
7.08e1 1.3969601033759727e0
7.1e1 1.10835096018581e0
7.12e1 1.0595515925540362e0
7.14e1 7.997774811615754e-2
7.160000000000001e1 8.865817074781039e-1
7.18e1 5.23653388800165e-1
7.2e1 1.2708477901760895e0
7.22e1 -5.517032530835859e-1
7.24e1 2.878135477757173e-1
7.260000000000001e1 -1.0179920797216846e0
7.28e1 -6.79772257017994e-1
7.3e1 -4.3532746524044047e-1
7.32e1 -5.180970516714218e-1
7.34e1 -1.5074215033160223e0
7.360000000000001e1 -6.58383784463362e-1
7.38e1 -1.070945350096821e0
7.4e1 -1.2256138904170084e0
7.42e1 -1.096826067853228e0
7.44e1 -1.4451075306903507e0
7.460000000000001e1 -2.2587351685988416e-1
7.48e1 -1.4067594100740421e0
7.5e1 -7.71656469768163e-1
7.52e1 2.240727033159834e-3
7.54e1 7.507556609332248e-3
7.560000000000001e1 -1.0430284864883138e-1
7.58e1 -2.263837619665634e-1
7.6e1 6.633252867671238e-1
7.62e1 -1.023679717010808e-1
7.64e1 1.097935257013925e0
7.660000000000001e1 1.535412750369954e0
7.680000000000001e1 5.769715251372799e-1
7.7e1 5.651150626595949e-1
7.72e1 8.785926662678972e-1
7.74e1 1.7459347202974507e0
7.760000000000001e1 1.1979032078318619e0
7.780000000000001e1 1.74859372155318e0
7.8e1 1.563097822199439e-1
7.82e1 5.396767035816156e-1
7.84e1 4.3220732604984213e-1
7.860000000000001e1 3.552254760181019e-1
7.880000000000001e1 -1.9963468606271925e-1
7.9e1 -6.934092779113818e-1
7.92e1 1.022205703432455e-2
7.94e1 -1.2193376817382406e0
7.960000000000001e1 -1.4711969827318803e0
7.980000000000001e1 -9.900312245307723e-1
8e1 -6.061472038380465e-1
8.02e1 -8.827328895021707e-1
8.04e1 -1.34414494401149e0
8.060000000000001e1 -1.1208729655050742e0
8.080000000000001e1 -3.5496492034672167e-1
8.1e1 1.8765174753228786e-1
8.12e1 -6.57950115814119e-1
8.14e1 -5.106581030062667e-1
8.160000000000001e1 -9.167539965962441e-1
8.180000000000001e1 -9.930220742117992e-1
8.2e1 1.192348868633109e0
8.22e1 4.9115138771961175e-1
8.24e1 1.4068089502029169e0
8.260000000000001e1 9.393121415463166e-1
8.280000000000001e1 1.6589242146037013e0
8.3e1 1.0052929479631987e0
8.32e1 1.0294573883965619e0
8.34e1 1.0921502351886596e0
8.360000000000001e1 5.189717415561719e-1
8.380000000000001e1 1.1929581265572513e0
8.4e1 9.179503593067605e-1
8.42e1 3.660054534506094e-1
8.44e1 3.564404036388105e-1
8.460000000000001e1 3.8461061896192245e-1
8.480000000000001e1 -8.14686036860992e-1
8.5e1 -4.029246188803599e-1
8.52e1 -3.7335662443681045e-1
8.54e1 3.559965565534119e-1
8.560000000000001e1 -8.023597976100325e-1
8.580000000000001e1 -1.1275478896814042e0
8.6e1 -4.101226572844575e-1
8.62e1 -1.5261928685651291e0
8.64e1 -1.1076390256133573e0
8.660000000000001e1 -1.009059549537094e0
8.680000000000001e1 -1.1516154652272184e0
8.7e1 -1.2409922429165896e0
8.72e1 -7.723109047200372e-1
8.74e1 -9.423738793783059e-1
8.760000000000001e1 -8.905458336382008e-1
8.780000000000001e1 -5.288349984045265e-1
8.8e1 -4.531778749856552e-1
8.82e1 7.188709976536614e-1
8.84e1 -5.821341167878802e-3
8.860000000000001e1 8.837442622445795e-1
8.880000000000001e1 8.89148695587048e-1
8.9e1 -6.480126668736808e-2
8.92e1 7.508921299494808e-2
8.94e1 7.267245736135252e-1
8.960000000000001e1 1.4708180130373198e0
8.980000000000001e1 7.824688452121831e-1
9e1 1.3093136828190581e0
9.02e1 7.390267660962488e-1
9.04e1 1.0268330782288426e-1
9.060000000000001e1 2.0223585738787148e-1
9.080000000000001e1 2.7447076652642943e-1
9.1e1 -2.0758644320198077e-1
9.12e1 -1.0645465508026861e0
9.14e1 -2.8112910523961093e-1
9.160000000000001e1 -3.908120594885711e-3
9.180000000000001e1 -1.5942438666750386e-1
9.2e1 -1.6807251450249994e0
9.22e1 -1.0889720542635555e0
9.24e1 -2.034945085467454e0
9.260000000000001e1 -8.079336912719662e-1
9.280000000000001e1 -1.5500914094536515e0
9.3e1 -2.1458455388766584e0
9.32e1 -9.289430629535995e-1
9.34e1 1.52539236716561e-1
9.360000000000001e1 1.4982471527228836e-1
9.380000000000001e1 1.4387383018028432e-1
9.4e1 -2.4774754239730984e-1
9.42e1 6.81654962050291e-2
9.44e1 3.0506254811714995e-1
9.460000000000001e1 6.350067431779007e-1
9.480000000000001e1 -2.648122452693391e-2
9.5e1 1.4412961562570215e0
9.52e1 1.1747397360372136e0
9.54e1 4.638156958831413e-1
9.560000000000001e1 2.0047483163782487e-1
9.580000000000001e1 1.821858251869776e0
9.6e1 1.4184931645421723e0
9.62e1 8.500705797327603e-1
9.64e1 5.384667249595517e-1
9.660000000000001e1 3.507780958480966e-2
9.680000000000001e1 1.2963729073615637e0
9.7e1 4.0525520951781985e-1
9.72e1 -4.6019160769102696e-1
9.74e1 3.7688658496560073e-1
9.760000000000001e1 -1.1314340194109826e-1
9.780000000000001e1 -1.0837122030714103e-1
9.8e1 -5.469471237468398e-1
9.82e1 -4.885457925856791e-1
9.84e1 -1.1346414538661977e0
9.860000000000001e1 -6.136226174453054e-1
9.880000000000001e1 -1.0514593035187745e0
9.9e1 -1.3989176146019695e0
9.92e1 -8.417388384440001e-1
9.94e1 -7.998400239684575e-1
9.960000000000001e1 -1.2339605922373016e0
9.980000000000001e1 -9.379878345517063e-1
1e2 -1.0067649566590802e0
1.002e2 1.520160081204523e-1
1.004e2 -2.6937075367906044e-1
1.0060000000000001e2 6.823900393925109e-3
1.0080000000000001e2 1.222141379906804e0
1.01e2 4.935360238794684e-1
1.012e2 -2.073523135374148e-1
1.014e2 1.7230885818365067e0
1.0160000000000001e2 8.385140610177917e-1
1.0180000000000001e2 4.796597343044582e-1
1.02e2 1.0493352753137077e0
1.022e2 7.171767791514854e-1
1.024e2 1.8184231771126658e-1
1.0260000000000001e2 1.3339898665880447e0
1.0280000000000001e2 1.7295107002082004e0
1.03e2 1.0016621078379624e0
1.032e2 4.0986007231070165e-1
1.034e2 8.1987290964968e-1
1.0360000000000001e2 -3.9447346200458655e-1
1.0380000000000001e2 -7.974431577072139e-2
1.04e2 -1.3956799728266517e-1
1.042e2 -1.2089285689088969e0
1.044e2 -5.0013678846854814e-2
1.0460000000000001e2 -5.151863544950375e-1
1.0480000000000001e2 -5.809784934044708e-1
1.05e2 -3.58866563371565e-1
1.052e2 -6.231539948907115e-1
1.054e2 -3.406768345207698e-1
1.0560000000000001e2 -7.572061813454847e-1
1.0580000000000001e2 -1.4431967937383057e0
1.06e2 -7.061110821812439e-1
1.062e2 4.7440680584927175e-1
1.064e2 -1.3450674268543733e-1
1.0660000000000001e2 -1.7232811637391166e-1
1.0680000000000001e2 -3.76845970190398e-1
1.07e2 -4.7005893576985514e-1
1.072e2 2.88159489425264e-1
1.074e2 6.149426922827843e-1
1.0760000000000001e2 1.3775437362683554e0
1.0780000000000001e2 5.802333145952402e-1
1.08e2 1.1525988974073942e0
1.082e2 7.230355652936657e-1
1.084e2 1.5864424215561486e0
1.0860000000000001e2 1.3398382355203458e0
1.0880000000000001e2 1.0904365335164075e0
1.09e2 1.4953272374039783e-1
1.092e2 4.52822492214394e-1
1.094e2 2.1782840674556198e-1
1.0960000000000001e2 1.823661719983439e-1
1.0980000000000001e2 -5.859408317560827e-1
1.1e2 -6.527149388053505e-1
1.102e2 -6.713582260268287e-1
1.104e2 7.298450421362296e-2
1.1060000000000001e2 -7.138616811023574e-1
1.1080000000000001e2 -1.1592540245284588e-1
1.11e2 -1.3296770292648368e0
1.112e2 -9.115084595746025e-1
1.114e2 -1.8571705432851058e0
1.1160000000000001e2 -1.2073704423563356e0
1.1180000000000001e2 -1.7107813913624148e-1
1.12e2 -1.4118244217468052e0
1.122e2 1.5335064906045748e-3
1.124e2 -1.1715822508090383e0
1.1260000000000001e2 -8.258791366920419e-1
1.1280000000000001e2 -7.670825167650482e-1
1.13e2 3.475532499935586e-1
1.132e2 -8.123697767917515e-1
1.134e2 4.0999875526625273e-1
1.1360000000000001e2 -3.0543244039913436e-1
1.1380000000000001e2 5.453087363447959e-1
1.14e2 5.500699261712678e-1
1.142e2 8.844110158488733e-1
1.144e2 9.249192007486108e-1
1.1460000000000001e2 7.263987059583505e-1
1.1480000000000001e2 7.131806567917152e-1
1.15e2 1.1197700845736234e0
1.152e2 1.5668170219114015e0
1.154e2 7.388994435876939e-1
1.1560000000000001e2 1.208905784747703e0
1.1580000000000001e2 4.8176463616462606e-1
1.16e2 -5.663356211555391e-1
1.162e2 4.696805642219701e-1
1.164e2 3.723776906901988e-1
1.1660000000000001e2 -1.7147805480497844e0
1.1680000000000001e2 -3.9212260247764574e-1
1.17e2 -1.0755195408967348e0
1.172e2 -1.1511372040552275e0
1.174e2 -1.0398173563755528e0
1.1760000000000001e2 -1.5478299209328057e0
1.1780000000000001e2 -1.5993758077134803e0
1.18e2 -3.71552922150871e-1
1.182e2 -6.809372772159572e-2
1.184e2 -8.50355889123942e-1
1.1860000000000001e2 -4.5105302403515984e-1
1.1880000000000001e2 -1.1519963780031408e0
1.19e2 -1.1632055489491862e0
1.192e2 2.7313871606283652e-2
1.194e2 1.9762802204854057e-1
1.1960000000000001e2 4.653243528988328e-1
1.1980000000000001e2 7.461221067919406e-1
1.2e2 3.297804470713394e-1
1.202e2 1.3811090223285505e0
1.204e2 1.1437304175681329e0
1.2060000000000001e2 1.2508288595625199e0
1.2080000000000001e2 9.196500157677462e-1
1.21e2 -3.697842310090751e-1
1.212e2 8.78364870902436e-1
1.214e2 9.79073834515889e-1
1.2160000000000001e2 1.0212280072888802e0
1.2180000000000001e2 1.3562857171211844e0
1.22e2 5.414048249328531e-1
1.222e2 4.8237756311404617e-1
1.224e2 2.5343295602488874e-1
1.2260000000000001e2 -1.3644689216369468e-1
1.2280000000000001e2 -2.504336353871215e-1
1.23e2 -6.859473823424812e-1
1.232e2 -1.1861404189635953e0
1.234e2 -3.7752329832954773e-1
1.2360000000000001e2 -1.5436622340108808e0
1.2380000000000001e2 -1.111067502021189e0
1.24e2 -1.593165146928976e0
1.242e2 -1.4725398230350732e0
1.244e2 -1.2591982871693057e0
1.2460000000000001e2 -9.832318378436669e-1
1.2480000000000001e2 -1.4093707433525182e0
1.25e2 -1.1035990198551404e0
1.252e2 -1.4879026963055603e-1
1.254e2 1.397158759786724e-1
1.2560000000000001e2 -7.207378077071037e-1
1.2580000000000001e2 -4.3121950350259175e-2
1.26e2 7.963008763852688e-1
1.262e2 1.0817430384835862e0
1.264e2 6.239289200931144e-1
1.2660000000000001e2 1.207062079527022e0
1.2680000000000001e2 1.2812383479531382e0
1.27e2 9.233651287870688e-1
1.272e2 5.966103771566365e-1
1.274e2 1.341098702429787e0
1.2760000000000001e2 1.9187341264998947e-1
1.2780000000000001e2 9.528244819005068e-1
1.28e2 5.126397769381379e-1
1.2820000000000002e2 9.769532876816788e-1
1.284e2 6.547804213120406e-2
1.286e2 -6.623548193092299e-2
1.288e2 2.37792190321235e-1
1.29e2 -2.0699956580002724e-1
1.2920000000000002e2 -7.258949732647532e-1
1.294e2 -9.045414339203982e-1
1.296e2 -8.957771805735265e-1
1.298e2 -6.888109064350634e-2
1.3e2 -1.6858324438055527e0
1.3020000000000002e2 -1.2693363078063329e0
1.304e2 -4.5682705978733296e-1
1.306e2 -2.07170989724762e-2
1.308e2 -2.0338838696904094e0
1.31e2 8.446269452310906e-2
1.3120000000000002e2 -1.2047820702347078e0
1.314e2 -5.565786939685395e-1
1.316e2 -8.88194209066749e-1
1.318e2 2.903181720992769e-1
1.32e2 -5.7327540438332984e-2
1.3220000000000002e2 1.3266571002484884e-1
1.324e2 8.621593578482594e-1
1.326e2 1.697130049078163e0
1.328e2 1.2499563746265596e0
1.33e2 1.1667580697461604e0
1.3320000000000002e2 1.4633441794916875e0
1.334e2 1.449367631991771e0
1.336e2 -2.3328244846977775e-1
1.338e2 1.1680619246391426e0
1.34e2 9.41986923604233e-1
1.3420000000000002e2 -8.855439406874654e-2
1.344e2 1.57030145256469e0
1.346e2 4.7282233031910453e-1
1.348e2 -1.2034210052662142e-3
1.35e2 -9.333034993762588e-1
1.3520000000000002e2 -1.8904194470241817e-2
1.354e2 -2.6814507293447376e-1
1.356e2 -1.3234332354664426e0
1.358e2 -2.944999058067222e-1
1.36e2 -2.9887388522081787e-1
1.3620000000000002e2 -1.165867001443171e0
1.364e2 -1.878331623558247e0
1.366e2 -1.2923553918168664e0
1.368e2 -9.443948608959419e-1
1.37e2 -9.144467209863989e-1
1.3720000000000002e2 -7.276344051048103e-1
1.374e2 -4.8462746304486215e-2
1.376e2 -4.898905959042121e-2
1.378e2 -2.1576322667046888e-1
1.38e2 -3.8937835839821994e-2
1.3820000000000002e2 -7.489195622590605e-1
1.384e2 1.0397514930418907e0
1.386e2 4.5708798286755004e-2
1.388e2 1.2339420801714955e0
1.39e2 1.286658734202509e0
1.3920000000000002e2 6.908569454483053e-1
1.394e2 1.092039086907862e0
1.396e2 7.92041658219604e-1
1.398e2 2.772406211374818e-1
1.4e2 1.488365895596891e0
1.4020000000000002e2 1.6025372099805621e0
1.404e2 6.756315893613944e-1
1.406e2 4.8574337894831554e-1
1.408e2 1.188755127641727e0
1.41e2 1.6946341003592152e-1
1.4120000000000002e2 -6.525271574003688e-1
1.414e2 5.995864578861064e-1
1.416e2 5.714014562538205e-1
1.418e2 -5.941030905057827e-1
1.42e2 -1.6998531801348749e-1
1.4220000000000002e2 -7.062578795298105e-1
1.424e2 -3.2320701914578864e-1
1.426e2 -9.153172626431318e-1
1.428e2 -1.3301094556553363e0
1.43e2 -1.5856862244301928e0
1.4320000000000002e2 2.818520211874266e-1
1.434e2 -1.1528656834120188e0
1.436e2 -3.7214765990233584e-1
1.438e2 1.965263138102572e-1
1.44e2 -3.284364829342666e-1
1.4420000000000002e2 -5.524362741079197e-1
1.444e2 1.3703510852719503e-1
1.446e2 -2.605619938633724e-1
1.448e2 1.2487500662008272e-1
1.45e2 2.7019038667126505e-1
1.4520000000000002e2 -2.865928116906502e-2
1.454e2 5.094965854910964e-1
1.456e2 3.396718680915636e-1
1.458e2 1.839081558133841e0
1.46e2 1.7603730574163192e0
1.4620000000000002e2 3.395737092143629e-1
1.464e2 6.97026471382717e-1
1.466e2 1.0737632156949157e0
1.468e2 5.919285903979699e-1
1.47e2 2.9651481654595463e-1
1.4720000000000002e2 -1.4395668672322098e-1
1.474e2 1.046847758844994e-1
1.476e2 5.614773300344075e-1
1.478e2 -3.2718816301179177e-1
1.48e2 1.335812601262043e-2
1.4820000000000002e2 -1.3659116138666878e0
1.484e2 -3.6185738591642913e-1
1.486e2 -1.2352131864775422e0
1.488e2 6.716963255836195e-2
1.49e2 -1.595699566088409e0
1.4920000000000002e2 -1.2801879856903153e0
1.494e2 -6.47697483576723e-1
1.496e2 -6.58223001907167e-1
1.498e2 -7.555890123327161e-1
1.5e2 -8.304620342480613e-1
1.5020000000000002e2 -7.967414797486261e-1
1.504e2 -5.546638607246062e-1
1.506e2 -3.1507230778954076e-1
1.508e2 8.187380657244106e-2
1.51e2 8.16331473313499e-1
1.5120000000000002e2 3.0945868930620624e-1
1.514e2 9.725868622029012e-1
1.516e2 1.2501549100786946e0
1.518e2 1.1974756497588053e0
1.52e2 1.3207521699285665e0
1.5220000000000002e2 1.4812707388015425e0
1.524e2 5.32684068361698e-1
1.526e2 1.1581440560951055e0
1.528e2 1.104918677403187e0
1.53e2 1.7555774602012462e0
1.5320000000000002e2 1.4598670238897293e0
1.534e2 8.167691684981637e-1
1.5360000000000002e2 8.266978958339597e-1
1.538e2 3.8368908352265074e-1
1.54e2 9.007717032788489e-1
1.5420000000000002e2 -1.491793171590888e-1
1.544e2 -1.4110098563807938e0
1.5460000000000002e2 -8.530437846832329e-1
1.548e2 -4.9067625924456365e-1
1.55e2 -5.899903914832691e-1
1.5520000000000002e2 -1.1136651359442298e0
1.554e2 -1.671482119010618e0
1.5560000000000002e2 -3.2479161503039555e-1
1.558e2 8.76177643866739e-2
1.56e2 -1.4469035206174605e0
1.5620000000000002e2 -1.025621221544843e0
1.564e2 -3.1142649405655265e-1
1.5660000000000002e2 -4.8740430342457475e-1
1.568e2 -9.804684891878047e-1
1.57e2 9.841081019853329e-1
1.5720000000000002e2 8.156978122325075e-2
1.574e2 6.793380944610943e-1
1.5760000000000002e2 1.5484259248585758e-1
1.578e2 4.7987411095414395e-1
1.58e2 1.037726448189369e0
1.5820000000000002e2 1.570846170689085e0
1.584e2 6.813519164581341e-1
1.5860000000000002e2 1.5894786892118848e0
1.588e2 1.2716030418005104e0
1.59e2 9.850550509214828e-1
1.5920000000000002e2 1.0197080896057298e0
1.594e2 7.88260199952941e-1
1.5960000000000002e2 7.15552349958652e-1
1.598e2 4.0707440927053345e-1
1.6e2 4.2783777814162016e-1
1.6020000000000002e2 7.878574317134535e-1
1.604e2 -1.877148217612558e-1
1.6060000000000002e2 2.5006525149317266e-1
1.608e2 -7.211293670499253e-1
1.61e2 -9.12388619234914e-1
1.6120000000000002e2 -1.5120920494515566e-1
1.614e2 -4.061963231939648e-1
1.6160000000000002e2 -1.3146136362568812e0
1.618e2 -1.3296351694806705e0
1.62e2 -8.880593668032346e-1
1.6220000000000002e2 1.9551837487518986e-1
1.624e2 -1.9574248688433484e0
1.6260000000000002e2 -6.716919957761148e-1
1.628e2 8.453242248548909e-2
1.63e2 -2.978415705155173e-1
1.6320000000000002e2 -4.5764084354717835e-2
1.634e2 -4.7459127503641435e-1
1.6360000000000002e2 6.578280447308991e-1
1.638e2 8.806395925631583e-1
1.64e2 1.1566704918938628e0
1.6420000000000002e2 1.2924852771812376e0
1.644e2 1.055460084446993e0
1.6460000000000002e2 5.848177821173562e-1
1.648e2 1.1809056098039052e0
1.65e2 5.646347573176598e-1
1.6520000000000002e2 1.3135167446444087e0
1.654e2 1.668391137215548e-1
1.6560000000000002e2 1.5280202351377243e0
1.658e2 4.4191679132518824e-1
1.66e2 7.479897931039228e-1
1.6620000000000002e2 7.451025104814878e-1
1.664e2 -6.171236615268754e-1
1.6660000000000002e2 -2.550676006845064e-1
1.668e2 -3.315210203464001e-1
1.67e2 -5.471584061684823e-1
1.6720000000000002e2 -1.1216148901533636e0
1.674e2 -1.007869756406523e0
1.6760000000000002e2 -1.2526292920957145e0
1.678e2 -9.597105417373956e-1
1.68e2 -2.2237219907998744e0
1.6820000000000002e2 -1.1390105409157323e0
1.684e2 -9.121220196960859e-1
1.6860000000000002e2 -5.708475151013306e-1
1.688e2 -1.4538721852985104e0
1.69e2 -2.0982059626732436e-1
1.6920000000000002e2 -1.3902943254310407e0
1.694e2 -2.2951188815481077e-1
1.6960000000000002e2 -9.006544753552005e-1
1.698e2 1.167391148930036e-2
1.7e2 2.4988665180996442e-1
1.7020000000000002e2 4.0942136548754804e-1
1.704e2 9.322511483656684e-1
1.7060000000000002e2 1.5400224424656779e0
1.708e2 1.5755945626223256e-1
1.71e2 1.2137352280942695e0
1.7120000000000002e2 1.212006438435918e0
1.714e2 9.304412492065434e-1
1.7160000000000002e2 1.3033340658439199e0
1.718e2 9.532893442174509e-1
1.72e2 1.1348399514045258e0
1.7220000000000002e2 3.667977372922818e-1
1.724e2 8.527333793728378e-1
1.7260000000000002e2 1.4133688152240844e0
1.728e2 1.2660324818207302e0
1.73e2 -2.600349615213582e-2
1.7320000000000002e2 3.089093613476924e-1
1.734e2 -4.823432972305254e-1
1.7360000000000002e2 -9.550421892251566e-1
1.738e2 1.9301080020332928e-2
1.74e2 -3.9241300810906854e-1
1.7420000000000002e2 -5.665802635785012e-1
1.744e2 -4.3279608079102916e-2
1.7460000000000002e2 -7.081807204217846e-1
1.748e2 -1.2027766738829282e0
1.75e2 -1.377299658054374e0
1.7520000000000002e2 -1.009208644885443e0
1.754e2 4.990386061617018e-1
1.7560000000000002e2 -9.9170170672239e-1
1.758e2 5.080490573693134e-1
1.76e2 6.840292251100288e-1
1.7620000000000002e2 -1.3017711096212736e-1
1.764e2 8.354139736938156e-1
1.7660000000000002e2 6.293456492888294e-1
1.768e2 1.4691840458529373e0
1.77e2 5.727730874102371e-1
1.7720000000000002e2 9.528894517799821e-1
1.774e2 1.2361150596775214e0
1.7760000000000002e2 1.812850444437153e0
1.778e2 1.7759924794225124e0
1.78e2 1.9118291122548776e0
1.7820000000000002e2 1.2749153871274461e0
1.784e2 3.868461787231181e-2
1.7860000000000002e2 8.894107071377906e-1
1.788e2 6.361325161058264e-1
1.79e2 8.182963895573844e-1
1.7920000000000002e2 1.0297617731063688e0
1.794e2 5.969929055833354e-1
1.7960000000000002e2 -3.5391321933791775e-1
1.798e2 -1.7748457841583665e0
1.8e2 -6.590456426705794e-1
1.8020000000000002e2 -1.6694839824956196e0
1.804e2 -1.956766895435123e0
1.8060000000000002e2 -9.143978077020556e-1
1.808e2 -1.2999215047931447e0
1.81e2 -8.181959097472105e-1
1.8120000000000002e2 -1.2449788695007347e0
1.814e2 -1.1726798985607236e0
1.8160000000000002e2 -7.311670631009977e-1
1.818e2 2.8050243809666586e-2
1.82e2 -3.325688280090897e-1
1.8220000000000002e2 -6.1751775880004474e-2
1.824e2 3.3478278247351756e-1
1.8260000000000002e2 6.909291830781397e-1
1.828e2 8.16583138667498e-1
1.83e2 5.559915419793808e-1
1.8320000000000002e2 3.012849098357685e-1
1.834e2 1.2655027459797286e0
1.8360000000000002e2 3.577463934556696e-1
1.838e2 5.095269116038816e-1
1.84e2 1.274870082079193e0
1.8420000000000002e2 1.5453361230810816e0
1.844e2 1.1512046204866677e0
1.8460000000000002e2 6.006752668334987e-1
1.848e2 3.314774265516385e-2
1.85e2 -1.1095012211893668e-1
1.8520000000000002e2 2.096461856839273e-1
1.854e2 6.282807235661446e-1
1.8560000000000002e2 -1.1501971795216753e-1
1.858e2 -7.99869278066187e-2
1.86e2 -3.225493806810845e-1
1.8620000000000002e2 -9.377267244717902e-1
1.864e2 -5.476858419283408e-1
1.8660000000000002e2 -1.6536912080279476e-1
1.868e2 -4.63819223236402e-1
1.87e2 -9.085325803672428e-1
1.8720000000000002e2 -1.3752734659414565e0
1.874e2 -2.8748963486577594e-1
1.8760000000000002e2 -7.457111145706994e-1
1.878e2 -1.0064290360257395e0
1.88e2 -1.0641242575110228e0
1.8820000000000002e2 -5.220541012358932e-1
1.884e2 -5.850945735224281e-1
1.8860000000000002e2 2.261326635666094e-1
1.888e2 5.152074674971877e-1
1.89e2 -1.6994873066901134e-1
1.8920000000000002e2 3.0020678008764023e-1
1.894e2 -9.855732303628284e-2
1.8960000000000002e2 7.90220569991387e-1
1.898e2 9.31671314369398e-1
1.9e2 9.211815526745704e-1
1.9020000000000002e2 5.105219064178848e-1
1.904e2 1.0602636847876759e0
1.9060000000000002e2 7.42849204198112e-1
1.908e2 1.1795251669973823e0
1.91e2 1.4634625464890316e0
1.9120000000000002e2 1.038694944395152e0
1.914e2 2.104345147492053e-1
1.9160000000000002e2 -2.350552425243992e-1
1.918e2 2.3959945011006842e-1
1.92e2 -5.958827467309895e-1
1.9220000000000002e2 -6.283184127999779e-1
1.924e2 -4.9509273581048974e-1
1.9260000000000002e2 -2.6419617474584745e-1
1.928e2 -9.628928327518721e-1
1.93e2 -6.268479698474316e-1
1.9320000000000002e2 -1.521438372410362e0
1.934e2 -8.391566761335856e-1
1.9360000000000002e2 -8.063340631405932e-1
1.938e2 -7.628297098943263e-1
1.94e2 -8.617719550768471e-1
1.9420000000000002e2 -5.412524023653414e-1
1.944e2 -6.956481059543825e-1
1.9460000000000002e2 9.648704390647121e-1
1.948e2 3.987938175951035e-1
1.95e2 3.9373541451303634e-1
1.9520000000000002e2 6.069302648120103e-1
1.954e2 -6.243177929080512e-1
1.9560000000000002e2 5.996530181294478e-1
1.958e2 2.7814981094413305e-1
1.96e2 1.8208766634046576e0
1.9620000000000002e2 3.633926449827626e-1
1.964e2 9.25198703794414e-1
1.9660000000000002e2 1.317801120671808e0
1.968e2 2.062518531395986e-1
1.97e2 3.153201126562877e-1
1.9720000000000002e2 6.875976885994483e-1
1.974e2 3.8222695315214233e-1
1.9760000000000002e2 3.555252767028507e-1
1.978e2 1.1580898138108736e-1
1.98e2 3.168789242842086e-1
1.9820000000000002e2 1.6353360967968372e-1
1.984e2 -7.735786766701322e-1
1.9860000000000002e2 -8.560742781992571e-1
1.988e2 -3.9515319565433465e-1
1.99e2 -9.02005906755976e-1
1.9920000000000002e2 -4.170452730389663e-1
1.994e2 -1.0567653655159535e0
1.9960000000000002e2 -1.1800832431611827e0
1.998e2 -1.013462527054198e0
2e2 -1.064098428822735e0
